895001E623517
895001E297411
891501E627419
891501E620638
894001E623393
894001E627006
891501E610484
891501E616342
894001E402125
894001E191997
890501E626173
890501E627869
890501E626267
890501E625595
892001E628234
892001E608067
892001E394969
895001E627120
895001E295660
895001E620109
895001E619727
891501E627883
891501E622434
891501E297692
891501E607907
891501E607241
891501E607908
891501E625882
891501E617613
891501E621320
891501E094519
891501E605436
890501E626771
890501E607950
890501E626214
890501E624184
890501E606419
890501E397032
890501E626179
890501E626175
890501E626176
890501E626216
890501E626174
890501E628272
890501E627776
890501E596464
890501E622791
890501E626232
890501E607371
890501E624258
890501E614548
890501E626651
890501E624266
890501E608314
890501E626640
890501E622305
890501E626356
890501E626368
891501E624705
896001E092866
896001E621122
896001E622569
896001E621127
896001E191447
896001E627732
896001E627870
896001E628019
892001E620840
892001E193141
892001E620685
894001E621448
894001E590848
894001E628032
894001E626862
894001E624026
894001E603018
892001E626504
891501E628176
891501E297008
891501E628210
891501E396890
890501E622306
892001E096177
892001E628280
892001E611202
892001E291292
891501E607896
892001E628145
892001E297693
891501E613903
894001E613708
891001E621447
891001E621446
892001E622919
892001E290270
892001E598419
892001E623505
892001E620461
892001E627724
892001E623033
891501E627044
891501E607910
892501E627410
890501E615338
890501E604306
891501E616490
892001E094460
892001E094461
892001E094278
892001E091908
892001E623087
892001E624674
892001E603436
892001E600167
892001E614099
892001E625964
892001E603473
892001E095781
892001E598920
891001E091096
891001E625864
891001E397741
891001E607227
891001E620562
891001E620563
891001E627323
891001E627469
894001E398912
894001E298789
894001E591793
892501E625857
895001E623511
895001E613470
890501E625731
890501E610934
890501E190143
890501E190149
890501E626840
890501E190146
890501E620377
890501E613894
890501E626484
890501E626961
890501E626837
890501E095329
890501E622214
890501E625761
890501E624849
890501E097382
890501E198297
890501E626008
895001E623529
890501E090505
896001E604215
895501E628166
895501E398994
892501E627324
890501E627896
895501E626320
895501E613688
895501E622827
895501E598303
892001E626764
892001E626763
892001E626762
892001E627086
892001E627087
892001E391060
892001E623421
892001E627676
892001E627426
892001E396771
892001E607644
894001E619771
891501E624626
891501E628022
891501E610493
891501E615263
890501E603498
894001E626079
890501E591290
890501E090113
890501E627967
892001E091293
892001E591906
892001E099060
892001E591059
891501E626263
891501E299701
894001E625874
894001E594930
894001E298434
894001E294517
894001E594926
894001E297764
895001E392091
892001E607831
892001E291692
895001E621985
892001E098311
894001E401606
895001E098806
892001E626985
892001E626997
895001E605185
895001E627567
895001E605190
895001E605191
895001E625067
895001E605184
895001E605194
895001E593201
895001E605192
895001E605193
895001E606169
895001E626285
895001E602197
895001E602199
895001E602198
895001E602206
895001E602211
895001E602200
895001E597299
891001E595091
891001E628254
894001E627130
891001E626388
891001E615224
891001E626389
891001E626387
894001E624316
894001E626155
894001E621450
894001E393815
894001E628150
894001E627924
894001E626069
894001E628171
895001E192620
895001E094823
892001E626087
892001E296590
892001E622885
895001E297324
890501E622362
892001E626424
891501E625840
895001E613474
895001E613476
894001E096723
894001E297065
895001E613484
892001E621261
892001E627995
892001E615194
892001E610776
894001E625412
894001E624755
894001E624757
894001E094748
891501E397024
891501E608065
892001E627229
892001E590771
890501E611540
890501E613892
890501E627214
890501E622800
890501E622798
892501E627997
895001E298031
891001E626508
891001E625797
891001E613493
891001E626507
891001E626509
891001E626512
891001E626510
891001E398522
891001E626511
891001E398523
891001E626506
892501E622960
892501E622922
892501E622961
893001E098866
893001E098867
893001E597020
891501E290487
891501E290488
891501E625680
891501E627420
891501E627465
891501E627720
891501E627496
891501E627446
891501E627447
891501E600051
891501E627445
891501E626203
891501E591627
891501E621115
896001E627733
891501E627495
891501E627511
891501E627458
891501E627466
891501E198726
891501E099135
894001E626235
895001E092027
895001E623006
895001E626903
895001E094331
890501E292052
892001E195070
890501E627925
890501E606203
890501E598885
892001E297902
894501E590547
895001E623519
895001E607003
895001E624446
895001E097249
890501E626544
890501E624984
891001E624544
891001E093560
892001E627316
892001E623398
892001E590690
891501E628079
895001E612786
895001E393454
895001E097250
895001E600193
894501E592548
892001E094518
892001E621930
892001E396914
892001E627637
895001E090928
894001E625942
892501E625821
891501E623740
895001E617615
895001E628361
895001E091409
891501E624667
895001E621887
891501E192320
894001E622937
891501E628384
891501E095133
891501E628131
895001E618128
892001E627393
892001E624196
895001E613478
892001E621932
892001E621931
892001E398503
892001E624804
890501E622361
891501E624218
893001E627258
893001E623437
893001E401026
892501E626757
892501E621002
891501E399395
891501E625145
891501E627899
891501E608066
891501E615265
892501E391903
892001E296419
895001E613246
895001E607765
895001E613481
891501E623291
895001E621981
890501E627162
895001E627031
891501E628385
891501E198347
891501E627464
895001E627053
895001E099137
895001E618182
894001E624821
894001E624646
894001E623051
894001E627984
894001E628285
892001E597286
892001E624404
892001E598702
892001E616319
894001E593329
891501E393438
891501E627056
892001E623047
894001E624673
894001E623122
894001E624312
894001E626700
890501E627834
890501E627956
890501E628001
890501E605550
894001E624353
894001E628035
890501E622307
890501E622905
890501E626182
890501E621996
890501E627775
890501E626050
890501E624257
890501E600704
890501E622469
894001E291887
891501E623046
891501E295800
891501E593568
891501E605296
891501E099452
891501E593414
891501E591209
891501E626838
891501E622924
891501E623376
891501E625532
891501E624635
894001E196385
894001E624434
894001E624435
894001E624432
892001E192229
891501E607037
892001E593149
895001E097248
895001E099842
892001E625586
892001E397523
892001E625963
892001E400698
892001E627508
892001E626404
892001E622364
892001E623037
892001E623392
892001E624571
895001E623509
892001E621936
894501E626604
894501E623052
894501E628331
894501E622886
890501E621997
890501E627866
895001E094311
895001E401231
895001E291014
895001E401912
895001E621983
895001E624079
895001E401951
895001E400244
895001E625572
895001E625905
895001E623053
895001E298492
895001E190225
895001E099925
895001E615951
895001E612070
895001E396947
895001E628169
895001E190111
895001E620853
895001E620132
895001E607966
895001E095474
895001E628348
895001E595584
895001E095997
895001E095020
895001E625604
895001E603957
895001E392296
895001E628246
895001E624430
895001E095681
895001E093532
895001E392092
895001E605303
895001E603950
895001E611542
895001E592151
891501E624630
890501E616325
890501E626278
890501E627198
890501E627178
890501E626199
890501E628382
890501E198996
890501E626824
890501E622133
890501E627199
890501E627171
890501E622304
890501E626246
890501E621356
895001E097684
894501E619447
894501E626497
890501E609296
890501E604314
894001E622024
894001E396729
894001E624378
894001E094892
894001E628274
891001E592479
891001E592480
893501E623100
893501E623099
893501E623107
893501E623110
893501E623101
893501E623109
893501E625910
893501E623108
893501E623102
893501E623157
893501E604006
893501E620627
893501E620626
893501E297755
893501E094646
891001E628439
891001E401868
892001E390702
895001E620154
895001E623525
895001E613461
895001E622849
895001E616714
895001E613469
895001E616715
895001E620117
895001E091244
895001E094907
895001E613488
895001E616723
891501E397158
891501E619769
896001E591804
891501E623580
892001E620641
891501E628208
891501E397138
891501E607244
892501E625164
892501E295038
892501E295448
892501E622923
892501E626718
892501E297743
892501E628244
894001E627516
894001E625924
894001E625904
894001E625916
892501E597439
892501E297741
892501E626897
892501E623049
892501E590381
892501E397947
892001E607898
895501E094330
895501E400826
895501E621075
895501E095797
895001E616725
892001E627252
892001E621027
891501E605438
891501E627908
894001E398632
894001E390704
894001E194062
894001E615671
894001E607242
894001E593479
894001E094951
892001E623048
890501E628411
890501E621281
890501E099941
890501E625956
890501E625700
890501E627620
890501E626228
890501E626277
890501E626268
891501E613582
891501E613579
891501E616504
891501E616661
891501E613581
891501E616662
891501E615264
894001E625210
894001E626792
894001E616992
894001E400899
894001E402104
894001E627148
895001E624709
895001E615427
892001E626913
896001E290484
896001E198101
896001E199406
895001E093396
891001E627472
891001E401769
891001E597769
891001E600232
891001E627882
891001E298502
891001E099706
891001E296486
891001E627994
891001E399724
891001E392439
891001E622997
891001E394210
891001E401557
891001E398038
891001E297980
891001E095264
891001E095271
891001E628047
891001E618351
891001E618352
891001E623208
891001E093261
890501E626645
890501E622010
892001E192223
891501E617612
891001E092772
890501E626058
890501E626181
890501E625295
892501E620185
890501E626205
892001E093922
892001E399332
892001E093546
892001E620642
890501E628330
890501E618597
890501E399539
891501E213584
891501E213585
891501E213586
891501E312359
891501E312520
891501E213042
891501E213588
891501E310014
891501E310290
891501E311311
891501E311532
891501E311533
891501E213064
891501E214245
891501E214428
891501E213825
891501E212891
891501E311537
891501E213589
891501E312361
891501E213592
891501E213726
891501E213593
891501E213594
891501E213598
891501E213595
891501E213596
891501E213158
891501E311323
891501E213175
891501E311283
891501E213599
891501E312330
891501E213202
891501E213600
891501E213917
891501E213235
891501E213601
891501E213252
891501E213602
891501E213603
891501E312625
891501E213266
891501E213604
891501E312334
891501E312626
891501E213605
891501E310964
891501E213606
891501E213607
891501E212073
891501E312358
891501E213611
891501E311364
891501E213609
891501E213610
891501E213614
891501E213613
891501E211775
891501E213612
891501E212098
891501E310359
891501E213616
891501E213617
891501E312539
891501E213618
891501E213619
891501E213620
891501E310058
891501E213638
891501E211628
891501E213622
891501E310228
891501E213623
891501E213625
891501E213624
891501E213626
891501E213744
891501E213627
891501E214547
891501E311403
891501E312533
891501E213629
891501E213631
891501E312540
891501E312349
891501E213632
891501E213633
891501E312424
891501E213635
891501E213634
891501E310802
891501E312627
891501E310355